[gd_scene format=3 uid="uid://bgqy7ttoqpxfd"]

[sub_resource type="StandardMaterial3D" id="md"]
albedo_color = Color(0.32, 0.26, 0.19, 1.0)
roughness = 0.85

[sub_resource type="CylinderMesh" id="m_tr"]
top_radius = 0.1
bottom_radius = 0.3
height = 3.0
radial_segments = 12

[sub_resource type="CylinderMesh" id="m_ba"]
top_radius = 0.03
bottom_radius = 0.08
height = 1.3
radial_segments = 12

[sub_resource type="CylinderMesh" id="m_bb"]
top_radius = 0.03
bottom_radius = 0.07
height = 1.1
radial_segments = 12

[sub_resource type="CylinderMesh" id="m_bc"]
top_radius = 0.02
bottom_radius = 0.05
height = 0.8
radial_segments = 12

[sub_resource type="BoxShape3D" id="sh"]
size = Vector3(0.6, 3.0, 0.6)

[node name="DeadTree" type="StaticBody3D"]

[node name="Trunk" type="MeshInstance3D" parent="."]
transform = Transform3D(1.0000, 0.0000, 0.0000, 0.0000, 1.0000, 0.0000, 0.0000, 0.0000, 1.0000, 0.0000, 1.5000, 0.0000)
mesh = SubResource("m_tr")
surface_material_override/0 = SubResource("md")

[node name="BranchA" type="MeshInstance3D" parent="."]
transform = Transform3D(0.6157, -0.7880, 0.0000, 0.7880, 0.6157, 0.0000, 0.0000, 0.0000, 1.0000, 0.4500, 2.1600, 0.0000)
mesh = SubResource("m_ba")
surface_material_override/0 = SubResource("md")

[node name="BranchB" type="MeshInstance3D" parent="."]
transform = Transform3D(0.5736, 0.8192, 0.0000, -0.8192, 0.5736, 0.0000, 0.0000, 0.0000, 1.0000, -0.4000, 1.8600, 0.1000)
mesh = SubResource("m_bb")
surface_material_override/0 = SubResource("md")

[node name="BranchC" type="MeshInstance3D" parent="."]
transform = Transform3D(1.0000, 0.0000, 0.0000, 0.0000, 0.6691, -0.7431, 0.0000, 0.7431, 0.6691, 0.1000, 2.7000, -0.3000)
mesh = SubResource("m_bc")
surface_material_override/0 = SubResource("md")

[node name="Collision" type="CollisionShape3D" parent="."]
transform = Transform3D(1.0000, 0.0000, 0.0000, 0.0000, 1.0000, 0.0000, 0.0000, 0.0000, 1.0000, 0.0000, 1.5000, 0.0000)
shape = SubResource("sh")
