[gd_scene format=3 uid="uid://bgq280whstuhg"]

[sub_resource type="StandardMaterial3D" id="mi"]
transparency = 1
albedo_color = Color(0.58, 0.82, 0.96, 0.86)
roughness = 0.14

[sub_resource type="CylinderMesh" id="m0"]
top_radius = 0.0
bottom_radius = 0.85
height = 5.2
radial_segments = 6

[sub_resource type="CylinderMesh" id="m1"]
top_radius = 0.0
bottom_radius = 0.62
height = 3.8
radial_segments = 6

[sub_resource type="CylinderMesh" id="m2"]
top_radius = 0.0
bottom_radius = 0.5
height = 3.0
radial_segments = 6

[sub_resource type="CylinderMesh" id="m3"]
top_radius = 0.0
bottom_radius = 0.4
height = 2.2
radial_segments = 6

[sub_resource type="CylinderShape3D" id="sh"]
radius = 1.9
height = 4.8

[node name="IceShardMonolith" type="StaticBody3D"]

[node name="Shard0" type="MeshInstance3D" parent="."]
transform = Transform3D(0.9945, 0.1045, 0.0000, -0.1045, 0.9945, 0.0000, 0.0000, 0.0000, 1.0000, 0.5265, 2.6000, 0.2877)
mesh = SubResource("m0")
surface_material_override/0 = SubResource("mi")

[node name="Shard1" type="MeshInstance3D" parent="."]
transform = Transform3D(0.9945, -0.1045, 0.0000, 0.1045, 0.9945, 0.0000, 0.0000, 0.0000, 1.0000, -0.5274, 1.9000, 0.9653)
mesh = SubResource("m1")
surface_material_override/0 = SubResource("mi")

[node name="Shard2" type="MeshInstance3D" parent="."]
transform = Transform3D(0.9945, 0.1045, 0.0000, -0.1045, 0.9945, 0.0000, 0.0000, 0.0000, 1.0000, -1.4041, 1.5000, -0.7671)
mesh = SubResource("m2")
surface_material_override/0 = SubResource("mi")

[node name="Shard3" type="MeshInstance3D" parent="."]
transform = Transform3D(0.9945, -0.1045, 0.0000, 0.1045, 0.9945, 0.0000, 0.0000, 0.0000, 1.0000, 1.0068, 1.1000, -1.8429)
mesh = SubResource("m3")
surface_material_override/0 = SubResource("mi")

[node name="IceGlow" type="OmniLight3D" parent="."]
transform = Transform3D(1.0000, 0.0000, 0.0000, 0.0000, 1.0000, 0.0000, 0.0000, 0.0000, 1.0000, 0.0000, 2.4000, 0.0000)
light_color = Color(0.55, 0.8, 1.0, 1.0)
light_energy = 0.9
omni_range = 9.0

[node name="Collision" type="CollisionShape3D" parent="."]
transform = Transform3D(1.0000, 0.0000, 0.0000, 0.0000, 1.0000, 0.0000, 0.0000, 0.0000, 1.0000, 0.0000, 2.4000, 0.0000)
shape = SubResource("sh")
